1
2
3
4
5
6
7
8
9
10
11
12
13
14
15
17
19
23
25
29
31
33
37
40
41
43
47
50
53
59
60
61
67
70
71
73
79
83
89
90
97
100
101
103
107
109
113
121  // 11*11, not prime
127
130
131
137
139
140
149
151
163
167
173
181
191
193
197
199
200
211
223
227
229
233
239
241
251
257
263
269
271
277
281
283
293
300
307
311
313
317
320
331
337
347
349
353
359
367
373
379
383
389
397
400
401
409
419
421
431
433
439
443
449
457
461
463
467
470
479
487
491
499
500
997  // Large prime
999  // Not prime (9*111)
1009 // Large prime
1000 // Not prime
7919 // Even larger prime
104729 // Large composite number (not prime)
104723 // Large prime number